1, 0.26, 0.31, 72.4, 4.5(+), 15.2, 111, 111, 19, No pain
2, 0.50, 0.59, 59.7, 5.4(+), 19.4(+), 128, 73, 56, No pain
3, 0.36, 0.36, 72.2, 11.4(+), 16.4, 94, 57, 37, No pain
4, 0.57, 0.61, 57.5, 15.5(+), 20.4(+), 119, 64, 55, No pain
5, 0.22, 0.28, 74.1, 10.7(+), 14.4, 202(+), 154, 48, Pain
6, 0.30, 0.41, 68.8, 10.0(+), 16.4, 204(+), 137, 67, Pain
7, 0.43, 0.55, 57.3, 14.0(+), 16.9(+), 131, 123, 46, No pain
8, 0.40, 0.54, 66.7, 21.9(+), 19.6(+), 205(+), 115, 90, Pain
9, 0.35, 0.55, 61.1, 16.1(+), 16.7(+), 205(+), 135, 70, Pain
10, 0.27, 0.45, 69.1, 5.4(+), 16.4, 292(+), 196, 96, No pain
11, 0.28, 0.41, 82.0, 15.1(+), 20.3(+), 332(+), 200, 152, No pain
12, 0.28, 0.39, 68.3, 21.3(+), 16.6(+), 165, 147, 56, No pain
13, 0.33, 0.47, 63.2, 39.7, 16.2, 194(+), 134, 62, Pain
14, 0.29, 0.55, 63.5, 20.6(+), 16.5, 287(+), 191, 96, Pain
15, 0.35, 0.42, 72.0, 80.8, 18.4(+), 153, 91, 61, Pain
16, 0.29, 0.34, 50.7, 32.3(+), 16.6(+), 76, 76, 13, No pain
17, 0.40, 0.46, 57.5, 32.4(+), 16.6(+), 79, 64, 27, Pain
18, 0.29, 0.32, 71.6, 93.7, 15.9, 72, 64, 22, Pain
19, 0.38, 0.39, 92.3, 49.4, 26.3(+), 175(+), 73, 102, Pain
20, 0.41, 0.53, 56.7, 48.7, 17.2(+), 89, 57, 32, Pain
21, 0.38, 0.40, 74.5, 66.3, 19.5(+), 109, 63, 47, No pain
22, 0.23, 0.44, 62.8, 54.4, 15.0, 235(+), 235, 20, Pain
23, 0.31, 0.44, 77.5, 44.7, 19.7(+), 286(+), 160, 126, Pain
24, 0.41, 0.52, 63.0, 27.4(+), 18.3(+), 153, 92, 61, No pain
25, 0.38, 0.50, 75.4, 27.9(+), 21.9(+), 241(+), 121, 120, Pain
26, 0.32, 0.41, 75.8, 19.1(+), 18.7(+), 204(+), 120, 84, Pain
27, 0.38, 0.42, 64.8, 70.2, 16.9(+), 92, 67, 32, Pain
28, 0.38, 0.41, 68.0, 71.5, 17.7(+), 93, 57, 35, No pain
29, 0.50, 0.52, 56.1, 37.8, 17.1(+), 86, 55, 31, No pain
30, 0.32, 0.39, 71.2, 91.8, 17.8(+), 178(+), 110, 68, Pain
31, 0.26, 0.39, 74.2, 100, 16.5, 292(+), 194, 98, Pain
32, 0.31, 0.37, 71.5, 10.1(+), 16.6(+), 167, 110, 56, No pain
33, 0.41, 0.48, 63.0, 95, 17.6(+), 120, 78, 42, No pain
34, 0.27, 0.44, 67.0, 82.6, 15.9, 270(+), 187, 83, Pain
35, 0.38, 0.53, 45.8, 100, 13.6, 103, 86, 19, Pain
36, 0.30, 0.34, 76.1, 16.3(+), 17.1(+), 141, 91, 50, No pain
37, 0.56, 0.57, 53.8, 77, 17.7(+), 100, 62, 38, No pain
38, 0.37, 0.47, 69.5, 10.7(+), 18.9(+), 182(+), 106, 76, Pain
39, 0.51, 0.53, 57.3, 8.0(+), 19.0(+), 103, 60, 43, Pain
40, 0.25, 0.27, 73.1, 22.2(+), 14.8, 101, 101, 24, Pain
41, 0.44, 0.47, 55.4, 36.4, 16.2, 236(+), 201, 35, Pain
42, 0.46, 0.46, 82.1, 2.8(+), 26.7(+), 182(+), 75, 107, No pain
43, 0.23, 0.37, 88.6, 14.2(+), 19.1(+), 473(+), 272, 201, Pain
44, 0.24, 0.29, 81.5, 15.2(+), 16.0, 223(+), 188, 70, No pain
44, 0.41, 0.48, 57.5, 9.1(+), 16.0, 96, 66, 30, No pain
46, 0.45, 0.52, 60.0, 6.5(+), 17.6(+), 107, 67, 40, No pain
47, 0.32, 0.39, 70.5, 34.4(+), 17.1(+), 166, 107, 59, No pain
48, 0.35, 0.57, 61.2, 0.1(+), 17.1(+), 223(+), 143, 80, Pain
49, 0.29, 0.43, 57.3, 1.25(+), 14.2, 181(+), 141, 40, Pain
50, 0.47, 0.44, 71.9, 8.75(+), 21.2(+), 147, 62, 85, No pain
51, 0.38, 0.64, 55.1, 1.62(+), 16.5, 192(+), 128, 64, Pain